--------------------
SERVER_DELAY 0 ms

PAYLOAD		1		100		200		400		800		1000
RTT		0.143350	0.147700	0.138000	0.157550	0.167550	0.184700

PAYLOAD		1000		2000		4000		16000		32000
THPUT		43573.36	53253.70	43034.78	20009.38	10287.62

--------------------
SERVER_DELAY 2 ms

PAYLOAD		1		100		200		400		800		1000
RTT		2.423300	2.356800	2.545600	2.504450	2.598300	2.683950

PAYLOAD		1000		2000		4000		16000		32000
THPUT		2998.57		6561.59		8516.72		21219.68	13114.36

--------------------
SERVER_DELAY 4 ms

PAYLOAD         1               100             200             400             800         1000
RTT		4.366150	4.516000	4.573800	4.564500	4.863550	4.830100

PAYLOAD         1000            2000            4000            16000           32000
THPUT		1666.22		3111.86		3824.34		11479.49	14199.92


